initial_rot:
  RShoulderPitch: [0.000000, 0.000000, -1.000000, 3.141590]
  RShoulderRoll: [0.577350, -0.577352, -0.577350, 2.094399]
  RElbow: [-0.577350, 0.577352, -0.577350, 2.094399]
  LShoulderPitch: [-0.000001, -1.000000, 0.000001, 3.141593]
  LShoulderRoll: [-0.577350, -0.577352, 0.577350, 2.094399]
  LElbow: [-0.577350, -0.577352, 0.577350, 2.094399]
  RHipYaw: [-1.000000, -0.000000, 0.000000, 1.570800]
  RHipRoll: [-0.707105, 0.000001, 0.707108, 3.141591]
  RHipPitch: [-0.577350, 0.577350, 0.577352, 2.094399]
  RKnee: [0.000000, -1.000000, -0.000000, 0.261799]
  RAnklePitch: [-1.000000, 0.000000, 0.000000, 1.570800]
  RAnkleRoll: [0.572979, 0.572976, -0.585998, 2.081475]
  LHipYaw: [-1.000000, -0.000000, 0.000000, 1.570800]
  LHipRoll: [0.707105, 0.000001, -0.707108, 3.141591]
  LHipPitch: [0.000000, -1.000000, 0.000000, 1.570800]
  LKnee: [0.092693, 0.704064, 0.704061, 2.956736]
  LAnklePitch: [-0.000001, -0.707108, 0.707105, 3.141591]
  LAnkleRoll: [0.577350, -0.577350, 0.577352, 2.094399]
  HeadPan: [-1.000000, 0.000000, 0.000000, 3.141590]
  HeadTilt: [-1.000000, 0.000000, -0.000000, 1.570800]

axes:
  RShoulderPitch: [0.000003, -1.000000, -0.000000]
  RShoulderRoll: [1.000000, -0.000004, 0.000004]
  RElbow: [1.000000, -0.000004, -0.000004]
  LShoulderPitch: [0.000003, 1.000000, -0.000003]
  LShoulderRoll: [1.000000, 0.000004, 0.000004]
  LElbow: [-1.000000, -0.000004, -0.000004]
  RHipYaw: [0.000000, -0.000004, -1.000000]
  RHipRoll: [1.000000, -0.000003, -0.000004]
  RHipPitch: [-1.000000, -0.000004, 0.000004]
  RKnee: [-0.000000, -1.000000, -0.000000]
  RAnklePitch: [0.000000, -1.000000, 0.000004]
  RAnkleRoll: [-1.000000, 0.000004, 0.000000]
  LHipYaw: [0.000000, -0.000004, -1.000000]
  LHipRoll: [1.000000, 0.000003, -0.000004]
  LHipPitch: [1.000000, -0.000000, 0.000004]
  LKnee: [0.000001, 0.000004, 1.000000]
  LAnklePitch: [0.000003, 1.000000, 0.000004]
  LAnkleRoll: [1.000000, 0.000004, 0.000004]
  HeadPan: [0.000000, -0.000003, 1.000000]
  HeadTilt: [0.000000, 1.000000, -0.000004]

poses:
  - pose:
      position:
        x: 0
        y: 0
        z: 0
      orientation:
        w: 1
        x: 0
        y: 0
        z: 0
    HeadPan: 0
    HeadTilt: 0
    LAnklePitch: -25.850701706506673
    LAnkleRoll: 3.579863153426792
    LElbow: -54
    LHipPitch: 27.113534608980995
    LHipRoll: 3.5219474542654146
    LHipYaw: -0.6417206866754275
    LKnee: 57.63156282496905
    LShoulderPitch: -165
    LShoulderRoll: 0
    RAnklePitch: 25.85125887645997
    RAnkleRoll: -3.5800332870267404
    RElbow: 71
    RHipPitch: -27.11437498138635
    RHipRoll: -3.5219753606223687
    RHipYaw: 0.641732775157822
    RKnee: -57.63268422169942
    RShoulderPitch: 174
    RShoulderRoll: 23